Dwarf                    Lsun  +unc  -unc dist  +unc  -unc   rhalf   +unc   -unc   disp  +unc  -unc
Sagittarius              7.34 +0.06 -0.06  26.7   1.3  -1.3  2662.0  193.0 -193.0   9.6   0.4  -0.4
Fornax                   7.28 +0.06 -0.06 139.0   3.0  -3.0   792.0   18.0  -18.0  11.7   0.9  -0.9
Leo I                    6.65 +0.11 -0.11 254.0  16.0 -15.0   270.0   17.0  -16.0   9.2   0.4  -0.4
Sculptor                 6.27 +0.06 -0.06  86.0   5.0  -5.0   279.0   16.0  -16.0   9.2   1.1  -1.1
Leo II                   5.84 +0.02 -0.02 233.0  14.0 -14.0   171.0   10.0  -10.0   7.4   0.4  -0.4
Carina                   5.72 +0.02 -0.02 106.0   5.0  -5.0   311.0   15.0  -15.0   6.6   1.2  -1.2
Antlia 2                 5.55 +0.06 -0.06 132.0   6.0  -6.0  2920.0  311.0 -311.0   5.7   1.1  -1.1
Ursa Minor               5.55 +0.02 -0.02  76.0   4.0  -4.0   405.0   21.0  -21.0   9.5   1.2  -1.2
Sextans                  5.52 +0.02 -0.02  95.0   3.0  -3.0   456.0   15.0  -15.0   7.9   1.3  -1.3
Draco                    5.49 +0.02 -0.02  82.0   6.0  -6.0   231.0   17.0  -17.0   9.1   1.2  -1.2
Canes Venatici I         5.43 +0.02 -0.02 211.0   6.0  -6.0   437.0   18.0  -18.0   7.6   0.4  -0.4
Crater II                5.22 +0.04 -0.04 117.5   1.1  -1.1  1066.0   86.0  -86.0   2.7   0.3  -0.3
Leo T                    5.14 +0.40 -0.40 409.0  29.0 -27.0   118.0   11.0  -11.0   7.5   1.6  -1.6
Eridanus II              4.78 +0.12 -0.12 366.0  17.0 -17.0   246.0   17.0  -17.0   6.9   1.2  -0.9
Bootes I                 4.35 +0.10 -0.10  66.0   2.0  -2.0   191.0    8.0   -8.0   4.6   0.8  -0.6
Hercules                 4.27 +0.07 -0.07 132.0   6.0  -6.0   216.0   20.0  -20.0   5.1   0.9  -0.9
Sagittarius II           4.02 +0.04 -0.04  70.1   2.3  -2.3    33.0    2.0   -2.0   1.7   0.5  -0.5
Canes Venatici II        4.01 +0.13 -0.13 160.0   4.0  -4.0    71.0   11.0  -11.0   4.6   1.0  -1.0
Ursa Major I             3.99 +0.15 -0.15  97.3   6.0  -5.7   295.0   28.0  -28.0   7.0   1.0  -1.0
Leo IV                   3.94 +0.10 -0.10 154.0   5.0  -5.0   114.0   13.0  -13.0   3.3   1.7  -1.7
Hydra II                 3.88 +0.15 -0.15 151.0   8.0  -7.0    67.0   13.0  -13.0   3.6  -9.9  -9.9
Hydrus I                 3.82 +0.03 -0.03  27.6   0.5  -0.5    53.0    4.0   -4.0   2.7   0.5  -0.4
Carina II                3.74 +0.04 -0.04  36.2   0.6  -0.6    92.0    8.0   -8.0   3.4   1.2  -0.8
Ursa Major II            3.71 +0.10 -0.10  34.7   2.0  -1.9   139.0    9.0   -9.0   5.6   1.4  -1.4
Aquarius II              3.68 +0.06 -0.06 107.9   3.3  -3.3   160.0   26.0  -26.0   5.4   3.4  -0.9
Leo V                    3.66 +0.14 -0.14 169.0   4.0  -4.0    49.0   16.0  -16.0   2.3   3.2  -1.6
Coma Berenices           3.65 +0.10 -0.10  42.0   1.6  -1.5    69.0    5.0   -4.0   4.6   0.8  -0.8
Pegasus IV               3.64 +0.08 -0.08  90.0   4.0  -6.0    41.0    8.0   -6.0   3.3   1.7  -1.1
Pisces II                3.63 +0.15 -0.15 183.0  15.0 -15.0    60.0    1.0   -1.0   5.4   3.6  -2.4
Columba I                3.62 +0.08 -0.08 183.0  10.0 -10.0   117.0   12.0  -12.0  16.1   0.0   0.0
Pegasus III              3.58 +0.20 -0.20 205.0  20.0 -20.0    78.0   31.0  -25.0   5.4   3.0  -2.5
Grus II                  3.50 +0.09 -0.09  53.0   5.0  -5.0    93.0   16.0  -12.0   2.0   2.0  -2.0
Tucana II                3.50 +0.08 -0.08  58.0   8.0  -8.0   121.0   35.0  -35.0   8.6   4.4  -2.7
Reticulum II             3.49 +0.15 -0.15  31.6   1.5  -1.4    51.0    3.0   -3.0   3.3   0.7  -0.7
Horologium I             3.44 +0.22 -0.22  87.0  13.0 -11.0    40.0    1.0   -9.0   4.9   2.8  -0.9
Tucana IV                3.34 +0.11 -0.11  48.0   4.0  -4.0   127.0   26.0  -22.0   4.3   1.7  -1.0
Reticulum III            3.26 +0.12 -0.12  92.0  13.0 -13.0    64.0   26.0  -23.0  31.2   0.0   0.0
Bootes II                3.12 +0.30 -0.30  42.0   1.0  -1.0    39.0    5.0   -5.0  10.5   7.4  -7.4
Willman 1                3.10 +0.30 -0.30  45.0  10.0 -10.0    33.0    8.0   -8.0   4.0   0.8  -0.8
Phoenix II               3.02 +0.16 -0.16  84.3   4.0  -4.0    37.0    8.0   -8.0  11.0   9.4  -5.3
Carina III               2.90 +0.08 -0.08  27.8   0.6  -0.6    30.0    8.0   -8.0   5.6   4.3  -2.1
Segue 2                  2.73 +0.35 -0.35  37.0   3.0  -3.0    40.0    4.0   -4.0   2.2  -9.9  -9.9
Triangulum II            2.58 +0.30 -0.30  28.4   1.6  -1.6    16.0    4.0   -4.0   3.4  -9.9  -9.9
Tucana V                 2.58 +0.20 -0.20  55.0   9.0  -9.0    16.0    5.0   -5.0   7.4   0.0   0.0
Horologium II            2.56 +0.41 -0.41  78.0   8.0  -7.0    44.0   15.0  -14.0  54.6   0.0   0.0
Tucana III               2.54 +0.08 -0.08  25.0   2.0  -2.0    37.0    9.0   -9.0   1.2  -9.9  -9.9
Segue 1                  2.46 +0.29 -0.29  23.0   2.0  -2.0    24.0    4.0   -4.0   3.7   1.4  -1.1
Draco II                 2.26 +0.16 -0.40  21.5   0.4  -0.4    19.0    4.0   -3.0   5.9  -9.9  -9.9
